% -------------------------------------------------------------------
%  Generated by MATLAB on 16-Nov-2020 13:20:03
%  MATLAB version: 9.2.0.538062 (R2017a)
% -------------------------------------------------------------------
                                    

ans = 'Hello World';

